NAME: matrix.tsp
TYPE: TSP
COMMENT: User-generated TSP file
DIMENSION: 20
EDGE_WEIGHT_TYPE: FULL_MATRIX
EDGE_WEIGHT_SECTION
0.0 61.0 60.0 64.0 37.0 25.0 44.0 76.0 19.0 26.0 67.0 92.0 55.0 31.0 21.0 43.0 72.0 42.0 8.0 19.0 
61.0 0.0 18.0 16.0 88.0 42.0 46.0 72.0 45.0 74.0 53.0 42.0 75.0 88.0 43.0 29.0 12.0 39.0 60.0 51.0 
60.0 18.0 0.0 5.0 80.0 36.0 58.0 54.0 47.0 66.0 35.0 33.0 61.0 82.0 47.0 41.0 19.0 51.0 61.0 56.0 
64.0 16.0 5.0 0.0 86.0 41.0 59.0 58.0 51.0 72.0 39.0 29.0 66.0 88.0 50.0 42.0 14.0 52.0 65.0 59.0 
37.0 88.0 80.0 86.0 0.0 46.0 81.0 69.0 54.0 15.0 69.0 107.0 39.0 12.0 56.0 78.0 97.0 79.0 44.0 57.0 
25.0 42.0 36.0 41.0 46.0 0.0 47.0 56.0 21.0 32.0 43.0 67.0 43.0 47.0 22.0 37.0 51.0 42.0 29.0 30.0 
44.0 46.0 58.0 59.0 81.0 47.0 0.0 100.0 28.0 68.0 85.0 88.0 89.0 74.0 26.0 17.0 58.0 7.0 37.0 24.0 
76.0 72.0 54.0 58.0 69.0 56.0 100.0 0.0 77.0 62.0 19.0 58.0 31.0 79.0 78.0 86.0 72.0 94.0 83.0 86.0 
19.0 45.0 47.0 51.0 54.0 21.0 28.0 77.0 0.0 41.0 64.0 80.0 62.0 49.0 2.0 25.0 56.0 25.0 16.0 9.0 
26.0 74.0 66.0 72.0 15.0 32.0 68.0 62.0 41.0 0.0 59.0 94.0 35.0 17.0 43.0 64.0 83.0 65.0 33.0 44.0 
67.0 53.0 35.0 39.0 69.0 43.0 85.0 19.0 64.0 59.0 0.0 43.0 36.0 76.0 65.0 70.0 53.0 78.0 72.0 73.0 
92.0 42.0 33.0 29.0 107.0 67.0 88.0 58.0 80.0 94.0 43.0 0.0 79.0 111.0 79.0 71.0 32.0 81.0 94.0 88.0 
55.0 75.0 61.0 66.0 39.0 43.0 89.0 31.0 62.0 35.0 36.0 79.0 0.0 49.0 64.0 79.0 80.0 84.0 62.0 69.0 
31.0 88.0 82.0 88.0 12.0 47.0 74.0 79.0 49.0 17.0 76.0 111.0 49.0 0.0 51.0 74.0 98.0 73.0 37.0 50.0 
21.0 43.0 47.0 50.0 56.0 22.0 26.0 78.0 2.0 43.0 65.0 79.0 64.0 51.0 0.0 23.0 55.0 23.0 17.0 9.0 
43.0 29.0 41.0 42.0 78.0 37.0 17.0 86.0 25.0 64.0 70.0 71.0 79.0 74.0 23.0 0.0 41.0 10.0 39.0 27.0 
72.0 12.0 19.0 14.0 97.0 51.0 58.0 72.0 56.0 83.0 53.0 32.0 80.0 98.0 55.0 41.0 0.0 51.0 72.0 63.0 
42.0 39.0 51.0 52.0 79.0 42.0 7.0 94.0 25.0 65.0 78.0 81.0 84.0 73.0 23.0 10.0 51.0 0.0 36.0 23.0 
8.0 60.0 61.0 65.0 44.0 29.0 37.0 83.0 16.0 33.0 72.0 94.0 62.0 37.0 17.0 39.0 72.0 36.0 0.0 13.0 
19.0 51.0 56.0 59.0 57.0 30.0 24.0 86.0 9.0 44.0 73.0 88.0 69.0 50.0 9.0 27.0 63.0 23.0 13.0 0.0 
EOF

